12 7 2 14 10 10 7 5 2 <PAD>
12 0 <EOS> 1 <PAD> <PAD> <PAD> <PAD> <PAD> <PAD>
11 12 15 4 10 <PAD> 1 <EOS> 12 4
15 16 12 13 14 15 1 4 5 11
<EOS> 17 4 2 笑 12 6 5 <PAD> <PAD>
4 笑 8 17 <PAD> 9 <BOS> 15 <EOS> <PAD>
15 1 9 13 笑 1 14 12 12 <EOS>
2 5 11 17 笑 <PAD> 16 18 <PAD> <PAD>
13 9 6 2 15 4 笑 6 <EOS> <PAD>
4 15 3 2 10 16 15 18 14 11
1 3 15 18 笑 6 16 18 12 18
12 18 1 11 笑 <PAD> 16 6 <PAD> 15
6 笑 1 7 11 12 9 5 18 <PAD>
8 15 17 11 笑 18 7 9 10 13
2 16 12 11 13 12 4 9 12 7
<EOS> 11 13 4 <EOS> 2 <PAD> 15 5 <PAD>
13 4 5 <EOS> 17 <EOS> 6 <PAD> <PAD> <PAD>
17 <PAD> 18 1 8 13 2 7 <EOS> <PAD>
17 6 5 14 3 5 9 笑 1 3
4 13 12 3 16 17 8 17 <PAD> <PAD>
1 14 <UNK> 笑 16 10 12 13 16 12
笑 9 <PAD> 6 7 16 7 17 <PAD> <PAD>
9 2 <EOS> 16 <PAD> <EOS> 9 <PAD> <PAD> <PAD>
11 10 18 11 1 2 6 14 14 5
11 1 17 2 <BOS> 9 5 16 <PAD> 16
18 17 18 11 18 17 17 4 6 16
3 1 <EOS> 2 9 <EOS> <PAD> <PAD> <PAD> <PAD>
1 15 10 <EOS> 2 2 8 3 1 <PAD>
15 1 7 10 16 <PAD> <EOS> 15 <PAD> <PAD>
<EOS> 14 14 11 4 18 7 2 <PAD> 8
5 6 18 12 11 10 18 3 7 8
<PAD> 0 10 11 <PAD> 10 12 12 11 <PAD>
2 4 10 1 11 12 15 5 4 6
11 13 2 14 <BOS> 17 18 17 9 <BOS>
17 笑 5 1 8 12 1 <PAD> 5 <PAD>
10 14 2 笑 5 6 7 2 13 0
18 15 2 笑 5 <PAD> 15 <PAD> <PAD> <PAD>
11 14 16 <UNK> <BOS> 16 6 11 12 <PAD>
10 9 0 16 0 16 17 13 6 15
6 18 13 0 6 4 13 13 <PAD> <PAD>
笑 8 6 4 2 10 14 8 9 14
13 笑 3 7 5 8 笑 15 0 <PAD>
<EOS> 8 16 8 4 17 笑 <PAD> 16 <PAD>
笑 5 0 <BOS> 3 17 14 15 <PAD> <PAD>
17 6 0 9 4 0 <PAD> 10 2 0
<PAD> 6 7 4 15 <PAD> 10 <PAD> <PAD> <PAD>
12 3 18 3 17 笑 2 12 <EOS> 3
9 14 13 18 13 <PAD> 13 9 17 <PAD>
8 0 9 3 <EOS> 16 <PAD> <PAD> <PAD> <PAD>
14 7 3 <PAD> 8 2 <PAD> <PAD> <PAD> <PAD>
17 15 10 5 15 18 18 笑 4 5
<PAD> 7 2 9 笑 笑 1 笑 2 6
6 14 8 1 1 2 2 10 <PAD> 12
18 1 14 9 13 11 15 <PAD> 3 16
8 4 12 <EOS> 18 10 4 17 12 15
6 3 5 14 10 7 1 1 14 <PAD>
17 15 5 0 18 15 8 0 3 8
13 3 5 笑 9 11 7 16 7 12
6 10 <EOS> 9 18 12 16 12 4 笑
18 5 18 18 7 <PAD> 10 5 <PAD> 13
6 <PAD> 6 12 11 17 0 <PAD> 6 0
笑 5 2 11 13 笑 15 1 2 <PAD>
9 18 笑 6 7 <EOS> 9 9 <EOS> 16
15 8 17 3 12 <PAD> 11 <PAD> <PAD> <PAD>
9 笑 17 14 6 0 3 0 <PAD> 0
1 10 12 16 17 18 <PAD> 16 <PAD> <PAD>
6 12 10 12 12 17 7 <EOS> 2 <PAD>
0 18 1 12 11 <EOS> <EOS> 0 18 <PAD>
12 15 6 9 3 12 1 16 10 9
1 3 9 3 8 9 <EOS> 5 1 <PAD>
6 0 15 16 5 3 10 2 4 6
3 笑 8 <BOS> 11 3 0 13 5 笑
<UNK> 18 14 1 10 8 12 13 16 13
13 6 15 8 6 2 6 0 1 15
6 16 4 3 13 16 2 9 <PAD> 11
1 9 1 15 6 4 13 4 <PAD> 3
8 笑 <PAD> 12 5 5 2 4 5 6
13 0 6 17 16 18 <PAD> 11 2 10
15 6 2 <PAD> 7 14 8 笑 <PAD> 8
11 17 1 14 4 0 16 11 14 15
1 12 7 <PAD> 13 1 <PAD> 笑 <PAD> <PAD>
17 笑 11 7 11 17 <PAD> <EOS> 10 12
18 0 3 5 6 10 2 3 <PAD> 2
4 7 14 18 4 11 <EOS> 13 笑 <PAD>
8 笑 12 1 9 9 12 2 12 <PAD>
7 笑 4 11 5 16 <EOS> <PAD> <PAD> <PAD>
12 16 14 1 2 16 12 13 3 4
0 15 13 2 8 15 9 <PAD> 18 <PAD>
14 11 12 9 8 6 <UNK> 15 18 9
16 14 8 2 10 18 1 16 <EOS> 10
0 17 0 1 16 9 13 12 10 10
10 11 12 <BOS> 笑 14 2 4 12 2
18 <BOS> 16 9 18 8 笑 3 13 9
笑 4 18 14 18 1 3 18 0 4
9 11 18 2 <PAD> 6 10 笑 6 14
0 12 6 0 7 <EOS> 5 <PAD> <PAD> <PAD>
16 <PAD> 14 3 14 <PAD> <PAD> <PAD> <PAD> 9
6 16 4 15 16 15 8 12 17 笑
4 10 1 12 14 9 17 13 <PAD> <PAD>
13 5 13 11 7 10 12 2 <PAD> 4
