3.091041
3.091040
3.091044
3.091046
3.091050
3.091047
3.091054
3.091051
3.091052
3.091057
3.091058
3.091053
3.091048
3.091023
3.091046
3.091048
3.091055
3.091051
3.091048
3.091054
3.091057
3.091065
3.091050
3.091025
3.091033
3.091057
3.091053
3.091010
3.091054
3.091058
3.091067
3.091055
3.091046
3.091038
3.091055
3.091056
3.091059
3.091002
3.091049
3.091013
3.091046
3.091038
3.091061
3.091042
3.091055
3.091058
3.091054
3.091055
3.091049
3.091051
3.091060
3.091056
3.091054
3.091053
3.091044
3.091054
3.091062
3.091048
3.091054
3.091055
3.091058
3.091015
3.091043
3.091058
3.091052
3.091071
3.091053
3.091060
3.091053
3.091040
3.091040
3.091053
3.091068
3.091055
3.091028
3.091065
3.091043
3.091057
3.091053
3.091056
3.091059
3.091054
3.091073
3.091068
3.091064
3.091068
3.091064
3.091073
3.091063
3.091060
3.091066
3.091065
3.091073
3.091061
3.091078
3.091066
3.091076
3.091068
3.091079
3.091071
3.091071
3.091068
3.091071
3.091074
3.091083
3.091082
3.091076
3.091078
3.091082
3.091077
3.091087
3.091082
3.091082
3.091075
3.091082
3.091077
3.091085
3.091081
3.091083
3.091077
3.091072
3.091077
3.091068
3.091072
3.091075
3.091064
3.091076
3.091071
3.091067
3.091076
3.091079
3.091079
3.091070
3.091071
3.091078
3.091071
3.091074
3.091077
3.091074
3.091081
3.091070
3.091083
3.091087
3.091080
3.091082
3.091078
3.091075
3.091082
3.091080
3.091075
3.091075
3.091083
3.091075
3.091082
3.091074
3.091083
3.091074
3.091082
3.091080
3.091078
3.091083
3.091087
3.091082
3.091082
3.091090
3.091086
3.091081
3.091088
3.091086
3.091081
3.091079
3.091077
3.091077
3.091080
3.091077
3.091081
3.091062
3.091077
3.091073
3.091066