10 0 18 6 0 9 9 4 17 17 13 2 2 12 11 6 12 5 13 9
11 14 <EOS> 1 <EOS> 14 6 <UNK> 17 5 10 1 <UNK> 18 7 15 12 4 2 14
1 13 <EOS> 笑 6 14 18 8 2 <UNK> 1 1 17 笑 9 7 1 18 4 0
15 3 13 3 12 4 12 4 18 笑 12 <EOS> <BOS> 13 8 9 15 15 16 1
14 16 1 13 2 10 11 9 13 0 <UNK> 15 5 11 1 <BOS> 12 16 5 3
5 4 10 3 14 16 10 16 18 4 1 <BOS> 6 <EOS> 12 <UNK> 13 10 6 11
<UNK> <BOS> 11 6 11 2 5 6 <PAD> 笑 12 8 0 12 18 7 1 12 <UNK> 1
<EOS> <EOS> 14 10 14 14 4 2 笑 5 17 9 1 8 7 6 9 13 7 <BOS>
14 <PAD> <EOS> 18 <EOS> 2 16 10 13 1 0 1 15 4 16 18 7 16 5 <PAD>
13 2 5 2 18 <BOS> 11 13 7 2 12 4 2 <EOS> 15 10 9 <UNK> 10 15
7 14 13 18 11 5 2 18 12 2 8 <UNK> 9 <PAD> 12 0 5 15 4 12
2 17 6 14 16 10 笑 7 <PAD> 4 18 11 6 <UNK> 笑 <EOS> 0 3 15 12
10 2 3 11 1 10 16 11 11 11 15 11 <BOS> 13 5 10 12 笑 13 <EOS>
<EOS> 11 11 15 笑 0 笑 4 4 <UNK> 11 4 15 18 1 17 14 15 2 8
17 1 0 14 7 5 15 4 <PAD> 13 6 4 15 3 18 12 9 16 10 17
6 <EOS> 8 3 12 <PAD> 0 12 13 16 18 3 5 0 3 5 <UNK> 5 2 12
笑 8 17 13 10 6 12 15 4 4 15 10 1 <EOS> 14 16 16 9 6 <PAD>
1 <EOS> 9 0 <EOS> 14 18 11 <EOS> 5 1 <EOS> 12 <BOS> 7 笑 8 2 <PAD> 17
<PAD> 9 <BOS> 11 18 <UNK> 18 <PAD> <BOS> 12 1 14 16 12 5 4 9 <EOS> 15 11
10 7 1 0 4 12 11 7 14 2 <PAD> 2 13 5 <PAD> <UNK> 16 5 15 3
<EOS> 4 <BOS> <UNK> 0 <EOS> 16 笑 16 11 1 14 9 3 8 3 1 18 <EOS> 8
0 14 10 0 1 17 <UNK> 9 10 15 11 5 7 1 0 2 0 7 17 10
1 9 9 1 11 <PAD> 2 15 笑 18 <EOS> 2 12 9 13 8 5 笑 18 4
3 17 15 10 1 13 1 6 14 <UNK> 15 6 <BOS> <UNK> 7 <BOS> 4 9 4 8
13 <EOS> <EOS> <UNK> 17 7 1 8 1 1 10 9 6 6 <BOS> 14 0 3 11 13
9 <UNK> <UNK> 10 12 0 6 10 16 <UNK> 12 13 0 11 15 17 <EOS> 10 12 <UNK>
14 <EOS> 4 10 7 笑 5 <UNK> 11 7 9 4 <PAD> 15 5 <PAD> 4 <EOS> 15 1
9 5 18 <BOS> 9 9 6 5 8 14 7 <UNK> 13 0 6 2 5 11 1 笑
9 7 6 10 9 8 0 2 2 0 6 14 18 笑 1 9 <EOS> <PAD> <PAD> <BOS>
<PAD> 8 8 笑 1 5 1 15 6 9 16 1 1 12 10 18 6 <PAD> 笑 0
笑 7 16 <BOS> <PAD> 11 10 0 12 笑 7 13 7 18 <UNK> 9 <UNK> 3 <UNK> <BOS>
13 1 5 1 11 7 11 <BOS> 16 18 2 7 2 5 6 14 5 3 14 6
3 <EOS> 15 笑 6 11 <UNK> 2 9 8 4 0 7 1 <UNK> <EOS> 15 5 12 8
12 0 10 11 15 <BOS> 13 8 4 17 <PAD> 13 笑 17 <UNK> 2 笑 笑 2 3
2 10 11 11 <PAD> 5 1 9 4 5 6 14 17 9 6 9 13 1 笑 6
<BOS> 14 16 1 4 7 7 12 7 9 <UNK> 11 4 10 11 9 18 5 12 15
<BOS> 8 笑 17 13 11 <PAD> 13 16 14 <BOS> 0 <BOS> 1 15 16 1 13 18 12
17 <EOS> 5 <EOS> 7 2 4 18 11 6 13 8 15 13 <EOS> 12 9 0 1 5
0 14 5 9 13 17 18 1 4 <EOS> 1 12 4 2 7 17 17 11 <BOS> 16
<EOS> 11 <EOS> 17 0 14 <BOS> 4 11 笑 17 13 <PAD> <BOS> 6 <PAD> 15 11 8 0
4 <BOS> 18 16 14 16 18 2 16 <UNK> 14 0 6 14 11 7 15 17 3 0
14 8 18 2 2 13 12 17 笑 4 18 12 笑 笑 2 <UNK> 笑 13 <EOS> 0
8 11 2 10 2 1 7 4 11 18 12 18 14 <UNK> <EOS> 15 8 17 3 9
2 11 8 17 13 4 14 8 9 笑 11 <UNK> 9 3 3 <EOS> 5 12 16 8
16 7 4 12 12 <EOS> 8 5 12 4 13 0 9 13 7 15 7 18 14 10
18 10 <UNK> 8 7 7 13 3 14 <EOS> 16 17 16 9 12 18 0 <BOS> 17 <EOS>
18 <PAD> 15 14 10 2 15 15 17 0 5 5 <BOS> <EOS> 2 9 7 <EOS> 17 <BOS>
11 4 <UNK> 2 <UNK> 3 8 <BOS> 0 17 2 7 13 10 <BOS> 10 7 17 12 7
<UNK> 4 8 3 2 7 0 3 15 <PAD> 0 2 16 12 10 7 <BOS> 18 12 16
5 11 笑 5 4 <BOS> <EOS> 笑 <PAD> <BOS> 17 <EOS> 1 11 1 17 <UNK> 笑 14 1
笑 笑 15 11 10 12 17 14 17 9 11 6 <BOS> <EOS> <EOS> 6 12 12 <UNK> 1
<UNK> 8 7 11 12 4 <BOS> <BOS> <BOS> 1 17 10 <UNK> 16 4 笑 9 9 15 12
15 1 12 4 10 8 13 0 4 11 10 <BOS> 14 11 17 4 17 17 2 15
<UNK> 3 11 3 <UNK> 6 2 5 <UNK> 2 14 10 11 7 11 17 9 18 17 6
<UNK> 11 0 4 1 17 11 1 14 18 笑 5 16 5 1 17 6 <UNK> 16 18
11 16 <BOS> 8 18 7 16 <UNK> 13 <BOS> <BOS> 9 10 10 6 <EOS> 2 3 12 13
12 18 4 16 <UNK> 8 3 14 <PAD> <PAD> 18 13 13 <UNK> 15 <BOS> <PAD> 8 16 笑
4 18 <EOS> 笑 1 3 14 <EOS> <EOS> <PAD> 8 2 5 <UNK> 15 <EOS> 6 4 12 9
14 6 7 13 16 14 <PAD> <UNK> 7 0 <EOS> 17 1 14 12 <EOS> 0 0 18 14
18 <EOS> 2 0 16 <EOS> 3 笑 3 9 11 4 <BOS> <PAD> 15 14 13 1 <EOS> 12
6 4 笑 <BOS> 2 8 11 8 12 11 0 12 3 13 0 <EOS> 17 0 7 7
12 12 17 17 7 2 13 16 0 11 7 笑 0 10 3 18 笑 <PAD> <UNK> 14
1 1 2 9 3 12 2 2 2 10 5 15 2 11 4 14 17 15 12 15
<UNK> 17 <PAD> 17 <UNK> 4 5 笑 5 4 8 11 3 15 11 <EOS> 14 14 16 5
<PAD> 14 17 3 18 <BOS> <BOS> 18 <BOS> 16 4 13 3 笑 <PAD> <EOS> 16 12 笑 18
<UNK> <PAD> 2 6 <BOS> 0 17 5 15 6 18 7 <BOS> 4 11 <BOS> <EOS> 10 13 0
笑 9 15 3 11 4 <EOS> 9 7 0 7 3 3 <UNK> 13 12 14 1 3 17
11 17 5 18 10 8 5 9 16 15 18 14 12 <EOS> 1 14 6 9 7 2
5 11 18 6 6 15 14 6 <PAD> <UNK> 3 16 9 <PAD> 7 13 10 <PAD> 3 6
12 16 17 <BOS> 15 4 11 16 3 16 8 0 3 11 5 <UNK> 17 4 4 4
<PAD> 1 18 17 18 <BOS> 16 12 13 0 14 <EOS> 6 11 2 <UNK> 6 12 7 3
7 4 11 15 15 16 笑 2 2 <PAD> 7 12 18 8 18 3 5 3 <UNK> 14
17 11 3 <PAD> 9 3 9 0 笑 0 7 0 <UNK> 18 <PAD> 4 17 7 13 13
0 7 <EOS> 17 5 1 1 18 <PAD> 13 5 9 10 0 7 17 6 <PAD> 6 16
12 4 <UNK> <BOS> 14 <BOS> 14 2 <UNK> 5 8 15 15 <PAD> 2 笑 12 8 12 <PAD>
2 1 1 7 6 9 16 3 <UNK> 6 9 6 13 10 9 15 8 16 10 7
9 14 13 6 16 17 笑 10 18 5 5 6 1 4 8 10 笑 0 7 9
3 7 4 9 16 16 5 4 <EOS> 10 16 <EOS> <EOS> 16 <EOS> 6 5 17 <PAD> 17
<UNK> 16 16 17 <BOS> 4 <BOS> 5 9 4 <PAD> 1 14 5 <UNK> 18 8 12 12 17
8 9 7 9 3 6 14 17 4 <UNK> 1 <EOS> 17 <BOS> 0 <EOS> 16 4 0 9
11 1 18 14 1 <EOS> 17 15 12 18 5 9 16 <EOS> 0 <BOS> 11 6 <EOS> <UNK>
17 <EOS> 7 3 18 <PAD> 9 7 <PAD> 0 9 17 <UNK> 7 3 2 4 6 <UNK> 12
7 0 17 5 9 3 3 笑 10 1 14 11 15 <PAD> 6 17 2 16 3 13
<EOS> 13 7 10 18 18 7 11 4 13 6 <UNK> <PAD> <PAD> 8 13 13 14 10 17
9 12 9 笑 2 11 17 10 笑 16 7 0 17 0 16 7 <UNK> 13 <EOS> <UNK>
2 10 15 14 12 <UNK> <UNK> 2 <UNK> 17 16 <UNK> 6 3 9 <UNK> 5 <BOS> 6 13
17 1 16 5 <EOS> 1 <EOS> 11 <PAD> 3 <EOS> 12 14 18 12 6 <PAD> 11 11 <BOS>
<UNK> 11 10 15 12 17 15 15 17 17 6 15 10 <PAD> <UNK> 6 18 14 14 14
18 9 <BOS> 13 13 13 16 16 11 18 笑 3 <PAD> 17 <PAD> <PAD> 8 4 <BOS> <UNK>
14 8 17 8 15 6 4 3 <UNK> 7 1 <EOS> 4 10 2 11 15 2 2 10
9 <EOS> 1 <EOS> 5 13 12 <PAD> 15 11 <BOS> 9 16 <PAD> <BOS> 17 12 5 7 12
11 8 16 12 5 <PAD> 15 笑 14 8 笑 14 11 6 14 3 1 0 16 12
6 4 11 13 7 14 1 18 18 <BOS> 17 16 3 18 4 12 3 13 3 15
7 <EOS> 4 1 8 15 2 15 11 15 <BOS> <EOS> <UNK> 笑 5 5 5 <EOS> 9 2
13 8 13 <UNK> 9 笑 5 0 17 <PAD> 6 笑 13 <BOS> 1 10 13 17 9 6
9 17 <EOS> 13 14 15 <BOS> 3 18 <EOS> 7 16 11 <EOS> 13 7 8 14 0 16
15 4 5 2 11 <BOS> 3 8 4 12 <EOS> 1 <EOS> 4 4 2 17 <EOS> 5 13
5 11 4 12 <UNK> 9 14 9 16 4 13 9 10 13 9 16 14 7 6 <PAD>
3 11 14 4 6 7 4 8 11 10 7 5 17 <BOS> 13 8 15 <UNK> 14 笑
8 6 9 17 12 2 13 6 4 12 1 <PAD> 16 0 4 笑 5 6 笑 <BOS>
