64.911705
64.911613
64.911858
64.911888
64.911850
64.911858
64.911873
64.911880
64.911842
64.911835
64.911858
64.911835
64.911827
64.911835
64.911827
64.911819
64.911842
64.911842
64.911850
64.911842
64.911842
64.911835
64.911819
64.911842
64.911842
64.911835
64.911835
64.911819
64.911835
64.911850
64.911827
64.911812
64.911812
64.911819
64.911827
64.911797
64.911743
64.911728
64.911728
64.911690
64.911659
64.911667
64.911667
64.911644
64.911598
64.911606
64.911629
64.911568
64.911629
64.911674
64.911629
64.911629
64.911636
64.911606
64.911583
64.911545
64.911560
64.911606
64.911575
64.911598
64.911583
64.911606
64.911591
64.911591
64.911606
64.911530
64.911499
64.911591
64.911545
64.911522
64.911591
64.911537
64.911476
64.911476
64.911499
64.911484
64.911522
64.911514
64.911476
64.911430
64.911430
64.911469
64.911469
64.911514
64.911537
64.911591
64.911552
64.911583
64.911583
64.911583
64.911575
64.911591
64.911545
64.911552
64.911552
64.911568
64.911575
64.911598
64.911629
64.911613
64.911621
64.911629
64.911629
64.911636
64.911606
64.911583
64.911568
64.911575
64.911545
64.911537
64.911560
64.911545
64.911530
64.911545
64.911530
64.911530
64.911537
64.911552
64.911522
64.911514
64.911514
64.911499
64.911507
64.911522
64.911507
64.911530
64.911530
64.911522
64.911507
64.911507
64.911522
64.911530
64.911499
64.911514
64.911499
64.911491
64.911514
64.911499
64.911476
64.911499
64.911484
64.911469
64.911476
64.911499
64.911499
64.911484
64.911499
64.911514
64.911507
64.911514
64.911499
64.911522
64.911514
64.911514
64.911514
64.911522
64.911514
64.911507
64.911514
64.911514
64.911522
64.911499
64.911537
64.911530
64.911545
64.911537
64.911552
64.911560
64.911560
64.911568
64.911583
64.911583
64.911598
64.911598
64.911613
64.911613
64.911583
64.911598
64.911606
64.911606