0.241502886267 0.0660779382681 0.019884193941 0.00768881874147
0.271722994768 0.0843285677292 0.0299883272117 0.0131372739626
0.321638533633 0.147435565995 0.0775595007894 0.0446772936944
0.354495539748 0.187642791646 0.111289398465 0.0705903635381
0.37210759571 0.217413726557 0.140398222363 0.0950379702232
0.390494672836 0.236870432662 0.15829507502 0.110317719357
0.401097076235 0.252612955651 0.174393690782 0.124990978973
0.412824981527 0.264429264117 0.186671245782 0.136667815848
0.414050863612 0.265809878036 0.187878734182 0.137804342259
0.413240357724 0.26499856196 0.187559880529 0.138180734634
0.409439505919 0.261061720483 0.18347588868 0.133713035834
0.405847200884 0.258489421114 0.180998560147 0.131649082399
0.401574934532 0.253121466489 0.175939322992 0.126988186021
0.394423391502 0.244934640866 0.168596867211 0.120527526135
0.388131379003 0.238490865798 0.162554547803 0.115372039687
0.382081064037 0.231522208774 0.155305008826 0.108234554606
0.373447855084 0.222412155597 0.14663910432 0.100767490861
0.36365267206 0.212769651878 0.138488592966 0.0937550438976
0.350293780589 0.198823256379 0.125671429423 0.0826280775612