.//0.txt
0.306257
0.002744
0.423039
0.297279

.//10.txt
0.494970
0.313831
0.107855
0.028663

.//20.txt
0.557377
0.348680
0.116784
0.029897

.//30.txt
0.551417
0.345154
0.114927
0.029634

.//40.txt
0.562554
0.351954
0.116635
0.029967

.//50.txt
0.393158
0.250976
0.079703
0.018852

.//60.txt
0.492570
0.311300
0.100222
0.024327

.//70.txt
0.577972
0.361177
0.116385
0.027763

.//80.txt
0.569671
0.356488
0.115485
0.028051

.//90.txt
0.545506
0.348394
0.119121
0.031819

.//100.txt
0.470617
0.301127
0.107409
0.029182

.//110.txt
0.413455
0.248117
0.088716
0.023819

.//120.txt
0.373733
0.208214
0.073732
0.019436

.//130.txt
0.372296
0.192471
0.068232
0.018172

.//140.txt
0.349841
0.170362
0.059162
0.015619

.//150.txt
0.334734
0.157047
0.054605
0.014310

.//160.txt
0.323323
0.146527
0.050344
0.012900

.//170.txt
0.322805
0.139865
0.047819
0.012156

.//180.txt
0.316839
0.133460
0.044755
0.011252

