oracle:
5.349245
5.095969
4.998391
4.909558
4.883708
4.833036
4.816618
4.788848
4.767295
4.752084
4.737026
4.728032
4.723135
4.706336
4.711804
4.693017
4.700221
4.688423
4.682773
4.674732
4.668886
4.680493
4.666425
4.661357
4.660130
4.650488
4.653899
4.647620
4.651069
4.643621
4.648218
4.648271
4.640042
4.649271
4.650807
4.644358
4.641430
4.644561
4.648506
4.637821
4.657816
4.638632
4.636163
4.643665
4.636204
4.645334
4.641224
4.630922
4.621419
4.778340
4.810654
4.775355
4.785885
4.783519
4.769271
4.765391
4.762042
4.756297
4.762977
4.730912
4.670685
4.641303
4.652003
4.638094
4.638971
4.629893
4.630359
4.629739
4.620522
4.623510
4.632045
4.629936
4.625459
4.640841
4.629395
4.623828
4.613147
4.634121
4.618258
4.630130
4.647845
4.674394
4.683993
4.695284
4.704558
4.734400
4.759221
4.744955
4.744290
4.759387
4.775849
4.793354
4.807773
4.825345
4.845685
4.869385
4.892069
4.918612
4.944383
4.971705
5.001292
5.031577
5.064286
5.096254
5.126812
5.158562
5.191267
5.226441
5.262630
5.297913
5.333766
5.370974
5.409618
5.448834
5.488240
5.530780
5.576112
5.616024
5.648414
5.678246
5.708540
5.739574
5.772644
5.805866
5.840402
5.875266
5.907100
5.935607
5.961387
5.984933
6.007832
6.030930
6.056944
6.083827
6.106005
6.130113
6.155805
6.182475
6.208786
6.233230
6.257723
6.279321
6.295338
6.299210
6.310512
6.326571
6.345069
6.366026
6.387875
6.406002
6.418710
6.432081
6.447935
6.465653
6.484163
6.504663
6.525883
6.547704
6.571623
6.595083
6.617196
6.636230
6.653146
6.669316
6.684466
6.700117
6.712821
6.726569
6.741488
6.757002
6.773488
6.789792
6.805629
6.821563
6.837359
6.852780
6.867457
6.881747
6.894541
6.907084
------------
gen:
5.154576
4.897362
4.794377
4.687559
4.640804
4.571336
4.580626
4.495317
4.471289
4.417167
4.459556
4.413574
4.398084
4.390994
4.394605
4.400897
4.433027
4.406938
4.433360
4.395713
4.380777
4.463523
4.438961
4.404171
4.400675
4.396622
4.432076
4.392449
4.429390
4.407308
4.446933
4.425441
4.459851
4.425312
4.406654
4.442692
4.419621
4.454570
4.427117
4.429987
4.407742
4.456743
4.401498
4.453267
4.417900
4.433734
4.446172
4.398290
4.445655
4.484744
4.621562
4.560483
4.553592
4.473562
4.479460
4.492992
4.515893
4.549208
4.483408
4.489887
4.390094
4.435699
4.436440
4.383523
4.394997
4.443079
4.361066
4.425848
4.401582
4.418001
4.351971
4.428718
4.407693
4.437170
4.378734
4.418073
4.416962
4.466051
4.414264
4.420679
4.420343
4.452858
4.403707
4.397697
4.364689
4.274994
4.219095
4.241809
4.284152
4.275128
4.238354
4.201950
4.208053
4.187670
4.150130
4.097065
4.056986
3.990616
3.935385
3.869089
3.825641
3.789356
3.768923
3.729072
3.616826
3.586144
3.536783
3.497074
3.421971
3.400966
3.295900
3.293625
3.264117
3.188707
3.133563
3.060095
2.988389
2.934967
2.897543
2.835801
2.830871
2.770101
2.746032
2.682283
2.676584
2.595566
2.540659
2.559231
2.488003
2.481442
2.483814
2.435279
2.398468
2.395060
2.364776
2.343541
2.291984
2.253302
2.204630
2.253724
2.177425
2.160214
2.154224
2.129870
2.125217
2.079215
2.122094
2.063388
2.033295
1.999516
2.018794
1.990587
2.008755
1.976441
1.981081
1.946244
1.904343
1.882584
1.891082
1.901615
1.796143
1.782515
1.814235
1.816871
1.763598
1.771462
1.747959
1.744120
1.722586
1.724804
1.725650
1.678837
1.685259
1.626802
1.651184
1.618268
1.617357
1.603898
1.556423
1.586393