410.848773
217.404725
170.544782
147.875386
133.800241
124.320603
117.164061
111.373071
106.900649
103.034449
99.803663
91.566188
89.365035
87.344689
85.634209
84.382953
82.747131
81.596055
80.743584
79.629150
78.799897
78.130544
77.042505
76.114774
75.487795
74.918142
73.828567
73.628966
73.441713
73.733529
73.437358
73.209810
73.126715
73.082397
72.979670
73.011466
72.930584
73.018914
72.960857
72.947429
73.223676
73.031385
73.074321
73.220429
73.093746
73.020874
72.934159
73.093282
72.993533
73.105260
72.906676
73.031134
73.094423
73.059963
72.868005
72.960301
73.112306
73.042742
72.973568
72.941789
72.991150
72.771595
73.135427
72.980991
72.820662
73.040053
72.995902
73.082803
73.118124
73.094854
72.869120
73.099906
73.178996
73.013350
72.812249
72.679462
72.788154
72.872676
72.819167
73.041995
76.927621
73.062237
79.736991
73.850544
83.507018
76.108991
82.248750
81.045578
76.190792
81.531374
74.036066
82.798699
76.099037
78.715453
74.697066
73.617393
78.010017
75.575265
72.693046
83.899559
79.792074
84.561684
78.276188
74.313134
77.516506
84.938813
83.352872
82.140961
80.725564
81.530627
81.007074
77.604422
75.669325
71.504825
75.486127
82.242116
78.650895
75.165581
71.254845
72.956213
86.459627
76.170334
74.545856
84.731474
81.913449
80.450082
80.202005
81.105030
74.025222
78.330330
75.438193
75.850983
73.887031
74.588962
79.990500
72.899111
73.832001
76.872136
79.633883
77.969250
80.869704
79.072370
76.347669
73.189855
74.770569
81.886313
77.837575
78.713326
86.651850
79.638743
77.852236
75.284957
80.490006
75.991886
76.364780
79.824850
84.930741
76.858631
70.840719
79.474792
78.889497
83.809262
82.153567
81.082580
79.421590
78.740097
82.469354
77.578003
75.855844
76.952275
77.726350
78.136466
75.584557
73.938298
78.050431
82.927667
86.007774
80.009926
81.096827
79.866622