2 10 10 10 10 10 10 10 10 10 10 10 10 10 10 10 10 10 10 10
0 10 10 10 10 10 10 10 10 10 10 10 10 10 10 10 10 10 10 10
7 10 10 10 10 10 10 10 10 10 10 10 10 10 10 10 10 10 10 10
12 10 10 10 10 10 10 10 10 10 10 10 10 10 10 10 10 10 10 10
<EOS> <PAD> <PAD> <PAD> <PAD> <PAD> <PAD> <PAD> <PAD> <PAD> <PAD> <PAD> <PAD> <PAD> <PAD> <PAD> <PAD> <PAD> <PAD> <PAD>
18 10 10 10 10 10 10 10 10 10 10 10 10 10 10 10 10 10 10 10
10 10 10 10 10 10 10 10 10 10 10 10 10 10 10 10 10 10 10 10
11 10 10 10 10 10 10 10 10 10 10 10 10 10 10 10 10 10 10 10
18 10 10 10 10 10 10 10 10 10 10 10 10 10 10 10 10 10 10 10
2 10 10 10 10 10 10 10 10 10 10 10 10 10 10 10 10 10 10 10
<PAD> <PAD> <PAD> <PAD> <PAD> <PAD> <PAD> <PAD> <PAD> <PAD> <PAD> <PAD> <PAD> <PAD> <PAD> <PAD> <PAD> <PAD> <PAD> <PAD>
18 10 10 10 10 10 10 10 10 10 10 10 10 10 10 10 10 10 10 10
1 10 10 10 10 10 10 10 10 10 10 10 10 10 10 10 10 10 10 10
7 10 10 10 10 10 10 10 10 10 10 10 10 10 10 10 10 10 10 10
8 10 10 10 10 10 10 10 10 10 10 10 10 10 10 10 10 10 10 10
10 10 10 10 10 10 10 10 10 10 10 10 10 10 10 10 10 10 10 10
16 10 10 10 10 10 10 10 10 10 10 10 10 10 10 10 10 10 10 10
10 10 10 10 10 10 10 10 10 10 10 10 10 10 10 10 10 10 10 10
10 10 10 10 10 10 10 10 10 10 10 10 10 10 10 10 10 10 10 10
14 10 10 10 10 10 10 10 10 10 10 10 10 10 10 10 10 10 10 10
4 10 10 10 10 10 10 10 10 10 10 10 10 10 10 10 10 10 10 10
16 10 10 10 10 10 10 10 10 10 10 10 10 10 10 10 10 10 10 10
<EOS> <PAD> <PAD> <PAD> <PAD> <PAD> <PAD> <PAD> <PAD> <PAD> <PAD> <PAD> <PAD> <PAD> <PAD> <PAD> <PAD> <PAD> <PAD> <PAD>
17 10 10 10 10 10 10 10 10 10 10 10 10 10 10 10 10 10 10 10
17 10 10 10 10 10 10 10 10 10 10 10 10 10 10 10 10 10 10 10
10 10 10 10 10 10 10 10 10 10 10 10 10 10 10 10 10 10 10 10
12 10 10 10 10 10 10 10 10 10 10 10 10 10 10 10 10 10 10 10
10 10 10 10 10 10 10 10 10 10 10 10 10 10 10 10 10 10 10 10
11 10 10 10 10 10 10 10 10 10 10 10 10 10 10 10 10 10 10 10
10 10 10 10 10 10 10 10 10 10 10 10 10 10 10 10 10 10 10 10
5 10 10 10 10 10 10 10 10 10 10 10 10 10 10 10 10 10 10 10
笑 10 10 10 10 10 10 10 10 10 10 10 10 10 10 10 10 10 10 10
16 10 10 10 10 10 10 10 10 10 10 10 10 10 10 10 10 10 10 10
15 10 10 10 10 10 10 10 10 10 10 10 10 10 10 10 10 10 10 10
18 10 10 10 10 10 10 10 10 10 10 10 10 10 10 10 10 10 10 10
10 10 10 10 10 10 10 10 10 10 10 10 10 10 10 10 10 10 10 10
10 10 10 10 10 10 10 10 10 10 10 10 10 10 10 10 10 10 10 10
3 10 10 10 10 10 10 10 10 10 10 10 10 10 10 10 10 10 10 10
15 10 10 10 10 10 10 10 10 10 10 10 10 10 10 10 10 10 10 10
18 10 10 10 10 10 10 10 10 10 10 10 10 10 10 10 10 10 10 10
17 10 10 10 10 10 10 10 10 10 10 10 10 10 10 10 10 10 10 10
<EOS> <PAD> <PAD> <PAD> <PAD> <PAD> <PAD> <PAD> <PAD> <PAD> <PAD> <PAD> <PAD> <PAD> <PAD> <PAD> <PAD> <PAD> <PAD> <PAD>
6 10 10 10 10 10 10 10 10 10 10 10 10 10 10 10 10 10 10 10
3 10 10 10 10 10 10 10 10 10 10 10 10 10 10 10 10 10 10 10
4 10 10 10 10 10 10 10 10 10 10 10 10 10 10 10 10 10 10 10
17 10 10 10 10 10 10 10 10 10 10 10 10 10 10 10 10 10 10 10
10 10 10 10 10 10 10 10 10 10 10 10 10 10 10 10 10 10 10 10
4 10 10 10 10 10 10 10 10 10 10 10 10 10 10 10 10 10 10 10
17 10 10 10 10 10 10 10 10 10 10 10 10 10 10 10 10 10 10 10
18 10 10 10 10 10 10 10 10 10 10 10 10 10 10 10 10 10 10 10
12 10 10 10 10 10 10 10 10 10 10 10 10 10 10 10 10 10 10 10
15 10 10 10 10 10 10 10 10 10 10 10 10 10 10 10 10 10 10 10
<PAD> <PAD> <PAD> <PAD> <PAD> <PAD> <PAD> <PAD> <PAD> <PAD> <PAD> <PAD> <PAD> <PAD> <PAD> <PAD> <PAD> <PAD> <PAD> <PAD>
17 10 10 10 10 10 10 10 10 10 10 10 10 10 10 10 10 10 10 10
<UNK> 10 10 10 10 10 10 10 10 10 10 10 10 10 10 10 10 10 10 10
17 10 10 10 10 10 10 10 10 10 10 10 10 10 10 10 10 10 10 10
10 10 10 10 10 10 10 10 10 10 10 10 10 10 10 10 10 10 10 10
5 10 10 10 10 10 10 10 10 10 10 10 10 10 10 10 10 10 10 10
10 10 10 10 10 10 10 10 10 10 10 10 10 10 10 10 10 10 10 10
笑 10 10 10 10 10 10 10 10 10 10 10 10 10 10 10 10 10 10 10
10 10 10 10 10 10 10 10 10 10 10 10 10 10 10 10 10 10 10 10
15 10 10 10 10 10 10 10 10 10 10 10 10 10 10 10 10 10 10 10
0 14 10 10 10 10 10 10 10 10 10 10 10 10 10 10 10 10 10 10
10 10 10 10 10 10 10 10 10 10 10 10 10 10 10 10 10 10 10 10
