486.932429
278.840988
223.510395
195.241554
178.902669
166.908294
157.993523
150.459420
145.342551
140.933676
137.057507
133.559083
130.050233
127.911643
125.893698
123.522648
122.008131
120.557816
116.325904
109.071250
107.064366
105.139962
103.998630
102.475891
101.294164
99.834614
99.132068
97.550678
97.029489
96.155258
95.596829
94.484977
93.800829
93.331064
93.404779
93.143557
93.292081
92.953177
92.654866
92.525497
92.583020
92.631426
92.544938
92.332475
92.556396
92.872781
92.522361
92.605237
92.766049
92.426924
92.658433
92.608871
92.282590
92.413402
92.622167
92.582372
92.179683
92.715153
92.204968
92.203099
92.531434
92.206509
92.330531
92.863303
92.481223
92.356711
92.472069
92.706208
92.577492
92.373429
92.447628
92.447549
92.534856
92.615505
92.312319
92.350169
92.454563
92.422700
92.624685
92.444945
111.936970
120.403952
116.703697
113.117718
111.593502
123.807492
113.465315
115.953304
115.184183
110.689431
114.189325
102.358572
120.616292
109.550786
119.352992
120.225874
108.031106
122.997065
115.309654
118.665978
120.895859
119.482867
120.745147
113.104903
124.779002
107.113842
124.500761
117.778045
117.113365
113.274422
109.162492
122.435129
115.033394
116.898897
103.682781
120.156549
115.494460
119.166285
126.814014
119.592444
123.536742
124.588037
114.389352
127.599738
116.697642
120.292071
115.313173
113.113446
120.693155
113.595196
119.405271
110.302360
114.193681
121.525529
111.123802
130.426113
108.220717
128.503908
121.384867
121.921703
131.997066
121.351208
120.918551
115.274470
116.439420
115.915580
120.895674
118.103689
125.060059
111.606189
126.848995
115.191433
113.750782
111.370321
113.191315
113.721886
134.453346
126.257371
117.050390
116.195731
114.653306
113.858707
120.957996
115.685123
113.632772
122.193900
114.026354
116.526468
108.691372
122.326634
108.430721
119.090030
122.920516
113.769573
120.501272
119.425861
112.911042
117.935311
116.676721
119.013506